 1.51580e+2
 1.28140e+2
 1.38540e+2
 9.64660e+1
 9.74580e+1
 1.27230e+2
 1.41250e+2
 1.07060e+2
 1.13520e+2
 1.14270e+2
 1.21190e+2
 1.27680e+2
 1.23240e+2
 1.19490e+2
 1.00020e+2
 9.65150e+1
 1.08710e+2
 9.58310e+1
 1.30060e+2
 1.27730e+2
 1.15690e+2
 1.18120e+2
 1.10380e+2
 1.34330e+2
 1.09760e+2
 1.21760e+2
 1.46770e+2
 1.10220e+2
 1.31410e+2
 1.51320e+2
 1.08440e+2
 1.42440e+2
 1.08860e+2
 1.14680e+2
 1.21160e+2
 1.34150e+2
 1.16000e+2
 1.11840e+2
 1.13380e+2
 1.19060e+2
 1.26670e+2
 1.22900e+2
 1.00560e+2
 1.19480e+2
 1.21810e+2
 1.32010e+2
 1.22780e+2
 9.80710e+1
 1.35370e+2
 1.32470e+2
 1.33400e+2
 1.22800e+2
 1.10970e+2
 9.80230e+1
 1.16600e+2
 1.05740e+2
 8.32520e+1
 1.04170e+2
 9.71770e+1
 1.14360e+2
 9.45680e+1
 9.97320e+1
 1.25520e+2
 1.04720e+2
 1.24880e+2
 1.27860e+2
 8.44630e+1
 1.37260e+2
 9.19040e+1
 1.21670e+2
 1.42640e+2
 1.05720e+2
 1.04250e+2
 1.26730e+2
 1.40130e+2
 1.05730e+2
 1.02570e+2
 9.42880e+1
 9.41770e+1
 1.16360e+2
 1.19400e+2
 1.37320e+2
 1.29310e+2
 1.43010e+2
 1.12010e+2
 1.08810e+2
 8.85250e+1
 1.36950e+2
 1.09910e+2
 1.23310e+2
 1.20660e+2
 1.40670e+2
 1.06440e+2
 1.20590e+2
 1.04360e+2
 1.29520e+2
 1.28170e+2
 1.24830e+2
 1.21900e+2
 1.19750e+2
 1.09140e+2
 1.05560e+2
 9.69200e+1
 1.02430e+2
 1.34780e+2
 1.22670e+2
 1.16120e+2
 9.93300e+1
 9.43190e+1
 1.12160e+2
 9.32460e+1
 1.18200e+2
 1.19730e+2
 1.11780e+2
 1.37670e+2
 1.26220e+2
 1.13660e+2
 1.01790e+2
 1.12600e+2
 1.24010e+2
 1.35880e+2
 1.35320e+2
 1.44880e+2
 1.01140e+2
 1.21140e+2
 1.23640e+2
 1.45080e+2
 1.41110e+2
 1.04190e+2
 9.43790e+1
 1.18940e+2
 9.43830e+1
 1.22470e+2
 1.29230e+2
 1.22130e+2
 9.99360e+1
 1.13330e+2
 1.14860e+2
 1.00970e+2
 1.27480e+2
 1.22160e+2
 1.05810e+2
 1.35020e+2
 1.44620e+2
 1.16720e+2
 1.05580e+2
 1.22870e+2
 1.14070e+2
 1.27300e+2
 1.05190e+2
 1.18060e+2
 1.47790e+2
 8.68500e+1
 1.38460e+2
 1.28430e+2
 1.05790e+2
 1.25240e+2
 1.00940e+2
 1.17440e+2
 1.07880e+2
 1.29200e+2
 8.98800e+1
 1.42100e+2
 1.61080e+2
 1.05660e+2
 1.21400e+2
 1.18690e+2
 1.25370e+2
 1.01390e+2
 1.06850e+2
 1.07570e+2
 1.07790e+2
 1.14040e+2
 1.12440e+2
 1.31020e+2
 1.23290e+2
 1.34540e+2
 1.26800e+2
 1.18280e+2
 1.03990e+2
 1.32130e+2
 1.05070e+2
 1.11470e+2
 1.09840e+2
 1.37210e+2
 1.31230e+2
 1.18880e+2
 1.11190e+2
 1.01510e+2
 1.06870e+2
 8.28530e+1
 1.09650e+2
 9.15910e+1
 1.24720e+2
 1.26120e+2
 1.30120e+2
 1.42020e+2
 1.49520e+2
 1.23210e+2
 1.15130e+2
 1.08550e+2
 1.29450e+2
 1.22740e+2
 1.35930e+2
 1.40790e+2
 1.29770e+2
 1.02000e+2
 1.20540e+2
 1.38300e+2
 1.36820e+2
 9.44570e+1
 1.36650e+2
 1.39210e+2
 1.10380e+2
 1.55090e+2
 1.17070e+2
 1.37680e+2
 1.27070e+2
 1.20230e+2
 1.21860e+2
 1.26670e+2
 1.16290e+2
 9.80340e+1
 1.42890e+2
 1.13720e+2
 1.12370e+2
 1.01900e+2
 1.21290e+2
 9.95720e+1
 1.16040e+2
 9.09740e+1
 1.03570e+2
 1.23980e+2
 1.27300e+2
 1.18640e+2
 1.17550e+2
 9.54230e+1
 1.33670e+2
 1.26100e+2
 1.23230e+2
 1.08220e+2
 1.17670e+2
 9.76520e+1
 1.49340e+2
 1.12630e+2
 1.19910e+2
 1.35550e+2
 1.22600e+2
 1.07370e+2
 1.17650e+2
 1.14570e+2
 1.44260e+2
 1.15070e+2
 1.17840e+2
 1.14620e+2
 1.08910e+2
 1.00760e+2
 1.41100e+2
 1.36380e+2
 9.99290e+1
 1.30180e+2
 1.11030e+2
 9.60430e+1
 1.34280e+2
 1.58440e+2
 1.36280e+2
 1.37540e+2
 1.22110e+2
 1.01000e+2
 1.31630e+2
 1.40520e+2
 1.17250e+2
 1.04200e+2
 8.70240e+1
 1.00080e+2
 1.17600e+2
 1.33530e+2
 1.30740e+2
 1.16340e+2
 1.30700e+2
 1.10560e+2
 1.13660e+2
 1.05510e+2
 1.38510e+2
 1.05900e+2
 1.33680e+2
 1.20270e+2
 1.37230e+2
 8.33740e+1
 1.00340e+2
 1.11610e+2
 1.12570e+2
 1.13090e+2
 1.25610e+2
 9.50900e+1
 8.75620e+1
 1.13620e+2
 1.06900e+2
 1.20290e+2
 9.22610e+1
 1.28250e+2
 9.73780e+1
 1.25780e+2
 1.55740e+2
 1.17970e+2
 1.36940e+2
 1.09260e+2
 1.17350e+2
 1.11300e+2
 1.35350e+2
 1.11130e+2
 1.28910e+2
 1.04640e+2
 1.11960e+2
 1.18320e+2
 1.42130e+2
 1.19170e+2
 1.26260e+2
 1.20910e+2
 1.15660e+2
 1.29810e+2
 1.00270e+2
 1.04960e+2
 1.27230e+2
 1.29800e+2
 1.22330e+2
 1.20510e+2
 1.33640e+2
 1.09910e+2
 1.52120e+2
 1.31930e+2
 1.25900e+2
 1.33360e+2
 1.31830e+2
 1.31690e+2
 1.16290e+2
 1.36560e+2
 1.19620e+2
 1.26630e+2
 1.34860e+2
 1.37510e+2
 1.32600e+2
 1.13820e+2
 9.78970e+1
 8.62720e+1
 1.27700e+2
 9.53430e+1
 1.17620e+2
 1.28220e+2
 1.22470e+2
 1.08470e+2
 1.22510e+2
 1.02230e+2
 1.32030e+2
 1.22750e+2
 1.10310e+2
 1.25920e+2
 1.08530e+2
 1.34580e+2
 1.05970e+2
 1.13080e+2
 1.09620e+2
 1.12090e+2
 1.40470e+2
 1.28620e+2
 1.52950e+2
 1.17120e+2
 1.42380e+2
 9.93830e+1
 1.31380e+2
 1.22480e+2
 1.33640e+2
 1.36360e+2
 1.21530e+2
 1.08920e+2
 8.90270e+1
 1.14330e+2
 1.22220e+2
 1.48000e+2
 1.17680e+2
 1.34840e+2
 1.50940e+2
 1.23600e+2
 8.97720e+1
 1.19960e+2
 1.22390e+2
 1.31010e+2
 8.02830e+1
 1.16430e+2
 1.17170e+2
 1.33600e+2
 1.01010e+2
 9.99730e+1
 9.96090e+1
 1.16640e+2
 1.22830e+2
 9.59930e+1
 1.09180e+2
 9.56840e+1
 1.20140e+2
 9.17500e+1
 1.41460e+2
 1.35190e+2
 1.07320e+2
 1.26490e+2
 1.08730e+2
 1.43240e+2
 1.53650e+2
 1.30000e+2
 1.05910e+2
 1.27630e+2
 1.12950e+2
 9.27960e+1
 1.22870e+2
 1.05760e+2
 1.38460e+2
 1.44290e+2
 9.49480e+1
 1.19170e+2
 1.18220e+2
 1.25140e+2
 1.22450e+2
 1.32600e+2
 1.25990e+2
 1.08970e+2
 1.27400e+2
 1.02320e+2
 1.22060e+2
 1.14120e+2
 1.18630e+2
 1.28680e+2
 1.18450e+2
 9.13620e+1
 1.55370e+2
 1.20410e+2
 1.10800e+2
 1.30530e+2
 1.10710e+2
 1.03750e+2
 1.25020e+2
 1.06800e+2
 1.08200e+2
 1.30380e+2
 1.08950e+2
 1.15370e+2
 1.05910e+2
 1.28410e+2
 1.24870e+2
 1.05120e+2
 1.17250e+2
 1.52920e+2
 9.45110e+1
 1.07190e+2
 1.16840e+2
 1.21010e+2
 1.12230e+2
 1.26690e+2
 1.23030e+2
 1.27220e+2
 9.81490e+1
 1.26730e+2
 1.06680e+2
 1.04680e+2
 1.21270e+2
 1.03940e+2
 1.37760e+2
 1.33210e+2
 1.23350e+2
 1.08710e+2
 1.16420e+2
 1.00450e+2
 1.13740e+2
 1.30780e+2
 1.37810e+2
 1.16820e+2
 1.21370e+2
 1.40570e+2
 1.17370e+2
 1.34610e+2
 1.08940e+2
 1.37670e+2
 1.37360e+2
 1.25810e+2
 1.16110e+2
 1.19190e+2
 9.73190e+1
 1.11460e+2
 1.06650e+2
 1.10370e+2
 1.14300e+2
 1.20350e+2
 1.25170e+2
 1.13060e+2
 1.32630e+2
 1.17520e+2
 9.90090e+1
 1.13950e+2
 7.86670e+1
 1.29440e+2
 1.30210e+2
 1.05540e+2
 1.38530e+2
 1.15410e+2
 1.43790e+2
 1.07150e+2
 1.17270e+2
 1.25660e+2
 9.36390e+1
 1.16490e+2
 1.44390e+2
 1.23030e+2
 1.42500e+2
 1.23390e+2
 1.20120e+2
 1.31670e+2
 1.04860e+2
 1.41190e+2
 1.28310e+2
 9.99940e+1
 1.11850e+2
 9.01350e+1
 1.35730e+2
 1.16090e+2
 1.15620e+2
 1.01250e+2
 1.23950e+2
 1.19290e+2
 1.08680e+2
 1.10160e+2
 1.31890e+2
 1.30380e+2
 9.57210e+1
 9.51660e+1
 1.02080e+2
 1.16190e+2
 1.28490e+2
 1.21180e+2
 1.05040e+2
 1.10030e+2
 1.35670e+2
 1.44680e+2
 1.21250e+2
 1.06540e+2
 1.16250e+2
 1.18150e+2
 1.20260e+2
 1.24920e+2
 1.65910e+2
 9.94170e+1
 1.23800e+2
 1.40000e+2
 1.28420e+2
 1.06310e+2
 1.21400e+2
 1.29390e+2
 1.18840e+2
 1.20390e+2
 1.08180e+2
 1.11550e+2
 1.14780e+2
 1.25110e+2
 1.14240e+2
 1.03180e+2
 1.43130e+2
 1.33960e+2
 1.05490e+2
 1.15270e+2
 9.92920e+1
 1.25690e+2
 1.12980e+2
 9.64480e+1
 1.18150e+2
 9.53740e+1
 1.19820e+2
 1.50070e+2
 9.49630e+1
 1.23170e+2
 1.33140e+2
 1.18670e+2
 1.40780e+2
 1.09060e+2
 1.04960e+2
 1.13700e+2
 9.68450e+1
 1.26430e+2
 1.02180e+2
 1.24940e+2
 1.43480e+2
 1.04990e+2
 1.46560e+2
 1.34990e+2
 1.16470e+2
 1.41990e+2
 9.83260e+1
 1.20120e+2
 1.13650e+2
 1.20650e+2
 1.18720e+2
 1.35170e+2
 1.14120e+2
 1.43440e+2
 1.15550e+2
 1.28390e+2
 1.17870e+2
 9.89280e+1
 1.04970e+2
 1.35610e+2
 1.21240e+2
 1.04710e+2
 1.14790e+2
 1.02320e+2
 1.07410e+2
 1.25420e+2
 1.44920e+2
 1.03510e+2
 1.31480e+2
 1.30970e+2
 1.07630e+2
 1.26170e+2
 1.20130e+2
 1.18370e+2
 1.05440e+2
 8.69460e+1
 1.16910e+2
 1.17440e+2
 1.16540e+2
 9.85520e+1
 1.12600e+2
 1.16890e+2
 1.24830e+2
 1.43030e+2
 1.17500e+2
 1.07060e+2
 1.12070e+2
 1.22610e+2
 8.80200e+1
 1.43230e+2
 8.44460e+1
 1.00850e+2
 1.16200e+2
 1.24900e+2
 1.19130e+2
 1.06860e+2
 1.28850e+2
 1.00420e+2
 1.41650e+2
 1.35950e+2
 9.02250e+1
 1.32420e+2
 1.01320e+2
 1.38350e+2
 1.22860e+2
 1.21120e+2
 1.17780e+2
 1.29360e+2
 7.70170e+1
 1.34570e+2
 1.19380e+2
 1.19540e+2
 1.10860e+2
 1.18920e+2
 1.10150e+2
 1.24790e+2
 1.06440e+2
 1.36950e+2
 1.42790e+2
 1.22320e+2
 8.73660e+1
 1.18310e+2
 1.27690e+2
 1.28130e+2
 1.07800e+2
 1.05830e+2
 1.33240e+2
 1.23390e+2
 1.31480e+2
 1.21500e+2
 1.25200e+2
 1.23850e+2
 1.16940e+2
 1.18090e+2
 8.89030e+1
 1.26660e+2
 1.08100e+2
 1.14750e+2
 1.03400e+2
 1.32180e+2
 1.36160e+2
 1.10580e+2
 1.18460e+2
 1.22990e+2
 1.12250e+2
 1.23780e+2
 9.64990e+1
 1.29270e+2
 1.22020e+2
 1.01780e+2
 1.18130e+2
 1.39140e+2
 1.49410e+2
 1.20610e+2
 1.16660e+2
 1.29950e+2
 9.91140e+1
 1.16020e+2
 1.20950e+2
 1.11840e+2
 1.32220e+2
 1.25980e+2
 1.06880e+2
 1.11930e+2
 1.11860e+2
 1.50980e+2
 1.18890e+2
 1.43770e+2
 1.05410e+2
 1.30080e+2
 1.35340e+2
 1.41000e+2
 1.11180e+2
 1.07690e+2
 1.12020e+2
 1.12630e+2
 1.31500e+2
 1.21840e+2
 9.94460e+1
 1.25500e+2
 1.15770e+2
 1.18760e+2
 8.79950e+1
 9.39960e+1
 1.30940e+2
 1.37490e+2
 1.31460e+2
 1.19940e+2
 1.08000e+2
 1.36890e+2
 1.31240e+2
 9.58160e+1
 1.22610e+2
 1.22940e+2
 1.15840e+2
 1.05310e+2
 1.17480e+2
 1.05330e+2
 1.34430e+2
 1.02750e+2
 1.36470e+2
 1.07710e+2
 9.44440e+1
 1.06880e+2
 1.08850e+2
 1.12660e+2
 1.36950e+2
 1.19560e+2
 8.62800e+1
 9.66660e+1
 9.36130e+1
 1.08490e+2
 1.51700e+2
 1.04040e+2
 1.22570e+2
 1.33180e+2
 1.44020e+2
 1.25750e+2
 1.50690e+2
 1.04770e+2
 1.23010e+2
 1.22750e+2
 1.24890e+2
 1.46470e+2
 1.35290e+2
 1.03150e+2
 1.10470e+2
 1.34970e+2
 1.31730e+2
 1.08380e+2
 1.00010e+2
 1.30010e+2
 1.21170e+2
 1.35180e+2
 9.70720e+1
 1.03210e+2
 1.07360e+2
 1.14950e+2
 8.78910e+1
 1.18560e+2
 1.24330e+2
 1.01820e+2
 1.44680e+2
 1.06490e+2
 1.22760e+2
 1.28220e+2
 1.03940e+2
 1.17730e+2
 1.35510e+2
 1.08460e+2
 9.99270e+1
 1.26160e+2
 1.16330e+2
 1.17620e+2
 1.26730e+2
 1.01500e+2
 1.05690e+2
 1.04770e+2
 1.48700e+2
 1.41060e+2
 1.12910e+2
 9.53330e+1
 1.31900e+2
 1.00400e+2
 1.14730e+2
 1.27850e+2
 1.18400e+2
 1.08570e+2
 1.19620e+2
 1.22830e+2
 1.20060e+2
 1.29100e+2
 1.10710e+2
 1.11940e+2
 1.37850e+2
 1.36050e+2
 1.03640e+2
 1.30530e+2
 9.82730e+1
 1.34610e+2
 1.19500e+2
 1.45530e+2
 1.33830e+2
 1.09690e+2
 1.06130e+2
 1.27930e+2
 1.02440e+2
 1.10460e+2
 1.34770e+2
 9.19180e+1
 1.34010e+2
 9.42200e+1
 8.91920e+1
 1.13500e+2
 1.18860e+2
 1.45750e+2
 1.26210e+2
 1.05460e+2
 1.20370e+2
 1.40800e+2
 1.03600e+2
 1.28740e+2
 1.35750e+2
 1.31690e+2
 1.35670e+2
 1.20220e+2
 1.05650e+2
 1.29900e+2
 1.13720e+2
 1.18190e+2
 1.04770e+2
 1.21040e+2
 1.03840e+2
 9.77880e+1
 1.34010e+2
 1.19740e+2
 1.23280e+2
 1.12000e+2
 1.33950e+2
 1.23710e+2
 1.33380e+2
 1.10730e+2
 1.10110e+2
 1.10120e+2
 1.16300e+2
 1.12060e+2
 9.06130e+1
 1.37830e+2
 1.21470e+2
 1.05420e+2
 1.03680e+2
 1.05150e+2
 9.39850e+1
 1.07640e+2
 1.17650e+2
 1.21450e+2
 1.47830e+2
 1.18080e+2
 1.36030e+2
 1.25470e+2
 1.06030e+2
 1.12440e+2
 1.29980e+2
 1.18840e+2
 1.24020e+2
 1.37110e+2
 9.37910e+1
 1.07570e+2
 1.33120e+2
 1.47980e+2
 1.07340e+2
 1.47170e+2
 1.26000e+2
 1.18320e+2
 1.07420e+2
 1.12140e+2
 1.18180e+2
 1.31440e+2
 1.20290e+2
 1.07210e+2
 1.34620e+2
 9.89210e+1
 1.41130e+2
 1.12780e+2
 1.20450e+2
 1.00950e+2
 1.21720e+2
 1.01490e+2
 1.23040e+2
 1.34500e+2
 1.15910e+2
 1.13480e+2
 1.08510e+2
 8.87720e+1
 1.02870e+2
 1.12280e+2
 1.32280e+2
 1.02550e+2
 1.31350e+2
 1.42780e+2
 1.09070e+2
 1.33500e+2
 1.19430e+2
 8.97060e+1
 1.09360e+2
 1.06030e+2
 1.31440e+2
 1.28580e+2
 1.12860e+2
 1.01380e+2
 1.49290e+2
 1.05240e+2
 1.01030e+2
 1.13800e+2
 1.39170e+2
 1.16820e+2
 1.11960e+2
 1.31390e+2
 1.35150e+2
 1.04100e+2
 1.35680e+2
 1.06830e+2
 1.03260e+2
 1.30990e+2
 1.20010e+2
 1.14730e+2
 1.33700e+2
 1.37340e+2
 1.29420e+2
 1.05360e+2
 1.23960e+2
 1.16400e+2
 1.11900e+2
 1.14750e+2
 1.04020e+2
 9.79650e+1
 1.31530e+2
 9.62980e+1
 1.06550e+2
 9.84840e+1
 1.03530e+2
 1.36910e+2
 1.36130e+2
 1.03110e+2
 1.19750e+2
 1.19670e+2
 1.06250e+2
 1.14840e+2
 1.42880e+2
 1.26640e+2
 1.11600e+2
 1.03880e+2
 1.09280e+2
 1.18380e+2
 1.19670e+2
 1.08480e+2
 1.19600e+2
 1.17780e+2
 1.42810e+2
 1.39100e+2
 7.92290e+1
 1.06440e+2
 1.06920e+2
 1.15080e+2
 9.90470e+1
 1.19950e+2
 1.21090e+2
 1.10690e+2
 1.02210e+2
 1.37140e+2
 1.04800e+2
 1.16200e+2
 1.04040e+2
