# 0 = muy mal, 1 = Mal, 2 = Bueno, 3 = Muy bueno, 4 = no aplicable, 5 = no responde
# nro. de pregunta, respuesta por asistente
1   3   3   3   3   3   3   3   3   3   3   2   2   3   3   3
2   3   2   2   2   2   3   3   2   3   2   3   2   2   2   2
3   3   2   3   3   3   3   2   3   3   5   3   2   3   3   2
4   3   2   2   3   3   3   2   3   3   3   3   2   3   3   3
5   3   3   3   3   2   3   3   3   3   3   3   3   3   3   3
6   3   3   3   3   3   3   2   3   3   3   3   3   3   3   2
7   3   2   3   3   3   3   3   3   3   3   3   3   3   3   3
8   3   3   3   3   2   3   2   3   3   3   3   3   2   3   3
9   3   1   3   3   3   4   2   3   3   3   3   2   3   3   3
10  3   2   3   3   3   3   3   3   3   3   3   3   3   3   3
11  3   3   3   3   3   3   3   3   3   5   3   3   3   3   3
12  3   2   3   3   2   3   3   2   3   3   3   3   3   3   3

